1,И-521а,35,38,52,54,series_i-521a.html,70,71,87,88
16,1МГ-601-441,37,38,61,62,series_1mg-601-441.html,74,74,0,0
15,1МГ-601,29,36,40,57,series_1mg-601.html,55,69,64,71
24,II-67 Тишинская,41,41,49,49,series_II-67_tishinskaya.html,68,68,0,0
17,1МГ-601Д,26,27,40,52,series_1mg-601d.html,53,54,66,80
19,1МГ-601Ж,26,38,39,56,series_1mg-601j.html,53,72,71,71
30,II-68-02/16М,34,37,50,56,series_II-68-02_16m.html,64,65,0,0
25,И-700А,34,35,50,56,series_i-700a.html,65,66,0,0
62,II-01,0,0,0,0,series_II-01.html,75,78,99,102
4,П-44,37,38,50,58,series_p-44.html,72,77,0,0
64,II-03,43,47,69,70,series_II-03.html,53,54,0,0
8,П-44ТМ/25 (ТМ-25),53,55,87,104,series_p-44tm_25_tm-25.html,130,152,0,0
46,И-155MМ,34,39,54,58,series_i-155Mm.html,72,77,100,102
39,II-29,26,27,34,42,series_II-29.html,54,59,0,0
35,П-4,0,0,52,59,series_p-4.html,69,74,93,94
37,П-3М,35,38,53,54,series_p-3m.html,74,85,91,105
49,И-209а,34,35,38,46,series_i-209a.html,65,65,0,0
54,П-46М,39,42,53,61,series_p-46m.html,76,88,94,97
45,И-155MK,36,53,51,83,series_i-155MK.html,68,101,113,141
27,II-68-01/12-83,34,36,50,56,series_II-68-01_12-83.html,66,75,0,0
58,Бекерон,38,56,69,70,series_bekeron.html,84,85,104,110
6,П-44М,38,46,67,68,series_p-44m.html,85,89,109,119
50,1605-АМ/5,26,29,40,46,series_1605-am_5.html,53,60,0,0
29,II-68-02/12К,32,37,48,57,series_II-68-02_12k.html,63,65,0,0
61,ЕвроПа,33,41,52,104,series_evropa.html,70,92,105,115
70,"СМ-3, СМ-6",0,0,44,60,series_sm-3_sm-6.html,67,84,71,103
65,II-04,0,0,53,54,series_II-04.html,77,78,0,0
14,1МГ-600,29,31,39,52,series_1mg-600.html,63,66,0,0
40,II-29-Б,26,27,34,42,series_II-29-b.html,54,59,0,0
72,К-7,30,31,44,45,series_k-7.html,60,61,0,0
74,"II-18-01/08МИК,09МИК",31,32,36,44,series_II-18-01_08_mik_II-18-01_09_mik.html,0,0,0,0
44,И-155,36,53,51,83,series_i-155.html,68,101,113,141
18,1МГ-601Е,38,38,39,40,series_1mg-601e.html,55,55,0,0
5,П-44К,38,39,59,65,series_p-44k.html,72,77,103,107
31,II-68-03,0,0,46,54,series_II-68-03.html,60,67,0,0
66,II-05,0,0,53,54,series_II-05.html,77,78,0,0
36,П-22К,35,37,54,55,series_p-22k.html,74,75,0,0
32,II-68-04,27,35,44,55,series_II-68-04.html,62,65,78,80
38,II-28,26,27,34,42,series_II-28.html,54,59,0,0
7,П-44Т,37,39,51,61,series_p-44t.html,70,84,0,0
33,Башня Вулыха,34,35,53,54,series_bashnya_vulyiha.html,74,74,0,0
48,И-155-Б,39,47,61,69,series_i-155-b.html,74,97,0,0
22,II-67 «Москворецкая»,40,40,49,52,series_II-67_moskvoretskaya.html,67,67,0,0
63,II-02,43,47,69,70,series_II-02.html,53,54,96,102
10,П-55М,50,52,66,70,series_p-55m.html,83,109,99,124
55,П-47,38,40,51,53,series_p-47.html,0,0,0,0
47,И-155Н,39,55,60,74,series_i-155n.html,75,106,115,142
28,II-68-01/16,30,35,40,51,series_II-68-01_16.html,64,65,0,0
42,II-49,32,33,44,45,series_II-49.html,73,83,92,93
43,II-57,34,35,45,46,series_II-57.html,61,62,0,0
9,П-55,36,39,50,52,series_p-55.html,70,71,84,85
80,1-513,32,35,35,51,series_1-513.html,0,0,0,0
34,П-3,34,35,44,60,series_p-3.html,73,83,92,93
71,1МГ-300,31,32,40,43,series_1mg-300.html,51,59,71,72
82,1-515/9М,0,0,45,47,series_1-515_9m.html,51,57,64,65
73,"II-18-01/08Б,II-18-01/09Б",31,32,36,44,series_II-18-01_08_b_II-18-01_09_b.html,0,0,0,0
41,П-30,38,40,52,53,series_p-30.html,61,63,75,76
67,II-08,33,34,56,62,series_II-08.html,77,78,0,0
76,1-410,0,0,52,53,series_1-410.html,81,82,100,101
75,1-335,30,31,41,45,series_1-335.html,55,58,0,0
78,1-510,31,32,41,45,series_1-510.html,54,55,0,0
53,И-700А Ясенево,34,35,50,56,series_i-700a_yasenevo.html,65,66,0,0
56,И-760А,0,0,53,54,series_i-760a.html,72,73,0,0
52,П-46,38,40,50,52,series_p-46.html,80,82,0,0
68,II-14,33,34,43,55,series_II-14.html,71,72,0,0
77,1-447,28,32,41,44,series_1-447.html,40,57,0,0
69,СМ-1,0,0,60,70,series_sm-1.html,81,92,0,0
59,ГМС-1 (ГМС-2001),38,43,53,78,series_gms-1_gms-2001.html,72,106,95,120
60,ГМС-3,45,50,72,78,series_gms-3.html,87,106,111,121
81,1-515/5,31,32,40,45,series_1-515_5.html,54,58,0,0
79,1-511,28,30,40,44,series_1-511.html,53,57,0,0
90,И-1723,41,45,62,78,series_i-1723.html,80,96,0,0
92,И-79-99,42,58,60,83,series_i-79-99.html,80,90,0,0
89,Призма (И-1630),80,82,100,103,series_prizma_i-1630.html,114,121,143,145
95,И-1782,37,38,56,57,series_i-1782.html,77,78,0,0
84,C-222,39,51,55,72,series_C-222.html,71,96,91,106
87,Юникон,48,52,62,72,series_yunikon.html,85,88,114,117
103,Лебедь,38,40,50,52,series_lebed.html,78,80,89,100
100,Айсберг,49,53,70,75,series_aysberg.html,97,104,0,0
86,Юбилейный,44,45,69,99,series_yubileynyiy.html,89,135,0,0
101,И-1414,52,58,56,68,series_i-1414.html,79,81,101,102
85,C-220,35,36,58,60,series_C-220.html,58,60,65,75
102,II-66,0,0,49,52,series_II-66.html,64,69,73,74
93,И-491а,0,0,51,56,series_i-491a.html,64,67,0,0
96,КОПЭ,38,39,55,62,series_kope.html,75,82,100,102
98,КОПЭ-М-Парус,38,43,54,62,series_kope-m-parus.html,75,82,100,102
104,КОПЭ-Башня,42,44,85,89,series_kope-bashnya.html,107,109,130,133
11,ПД-1,45,46,63,64,series_pd-1.html,84,85,107,108
12,ПД-3,33,34,48,50,series_pd-3.html,66,72,83,84
2,П-42,0,0,52,55,series_p-42.html,62,66,81,82
13,ПД-4,32,36,56,60,series_pd-4.html,75,77,88,90
23,II-67 Смирновская,43,44,49,54,series_II-67_smirnovskaya.html,66,66,0,0
20,II-18/12 Б,35,35,37,48,series_II-18_12_b.html,64,64,0,0
21,II-20,35,35,43,45,series_II-20.html,61,61,0,0
3,П-43,35,37,52,55,series_p-43.html,63,66,0,0
26,И-522а,34,35,50,56,series_i-522a.html,65,66,0,0
51,"1605-АМ/9,1605-АМ/12",32,33,44,46,series_1605-am_91605-am_12.html,63,64,0,0
57,П-111М,41,53,56,72,series_p-111m.html,71,96,91,106
88,И-III-3,0,0,13,13,series_i-III-3.html,21,21,0,0
97,МЭС-84,43,49,52,63,series_mes-84.html,80,99,0,0
91,И-1724,40,44,59,83,series_i-1724.html,80,96,0,0
94,ИП-46С,42,44,60,62,series_ip-46s.html,100,101,0,0
83,Колос,35,36,58,60,series_kolos_i-1279_1289_1303.html,65,75,0,0
99,БОД-1,0,0,0,0,series_bod-1.html,0,0,0,0
